2 0.2285 0.41517128874388254 0.243 0.265905383360522
2 0.143 0.7218597063621534 0.16 0.34094616639477976
2 0.2995 0.7145187601957586 0.147 0.33278955954323003
2 0.436 0.5734094616639478 0.166 0.2822185970636215
2 0.524 0.7128874388254486 0.2 0.20880913539967375
2 0.598 0.5179445350734094 0.182 0.2561174551386623
2 0.727 0.5057096247960848 0.114 0.2740619902120718
2 0.8555 0.5815660685154975 0.135 0.32463295269168024
2 0.7155 0.7128874388254486 0.207 0.21207177814029363
2 0.7055 0.8874388254486134 0.203 0.19902120717781402
