1 0.65 0.12149532710280374 0.154 0.14152202937249667
1 0.4635 0.14819759679572764 0.151 0.2082777036048064
1 0.42 0.06141522029372497 0.096 0.11481975967957277
1 0.6005 0.04205607476635514 0.161 0.0814419225634179
1 0.6865 0.2823765020026702 0.157 0.17489986648865152
1 0.607 0.3431241655540721 0.164 0.20293724966622162
1 0.4605 0.4165554072096128 0.193 0.31241655540720964
1 0.4755 0.6201602136181575 0.087 0.1321762349799733
1 0.5565 0.6328437917222964 0.083 0.19759679572763686
1 0.625 0.6468624833110814 0.084 0.11348464619492657
1 0.684 0.5674232309746329 0.138 0.2162883845126836
1 0.7965 0.6835781041388518 0.129 0.10146862483311081
1 0.6795 0.7910547396528705 0.141 0.21495327102803738
1 0.172 0.5160213618157543 0.142 0.1829105473965287
1 0.264 0.602803738317757 0.086 0.12149532710280374
1 0.282 0.6895861148197597 0.136 0.12149532710280374
1 0.1385 0.6548731642189586 0.169 0.15086782376502003
1 0.291 0.7810413885180241 0.138 0.13351134846461948
1 0.388 0.8524699599465955 0.108 0.08678237650200267
1 0.349 0.9012016021361816 0.11 0.12817089452603472
1 0.255 0.9425901201602136 0.114 0.11481975967957277
1 0.107 0.8104138851802403 0.132 0.17890520694259013
1 0.092 0.951935914552737 0.118 0.09612817089452604
