1 0.4755 0.23007518796992482 0.181 0.2556390977443609
1 0.5905 0.21654135338345865 0.065 0.10526315789473684
1 0.7355 0.20827067669172933 0.063 0.1037593984962406
1 0.83 0.06766917293233082 0.078 0.10225563909774436
1 0.612 0.3887218045112782 0.08 0.1368421052631579
1 0.5315 0.37669172932330824 0.071 0.0887218045112782
1 0.4585 0.4413533834586466 0.071 0.09473684210526316
1 0.344 0.5909774436090226 0.12 0.12030075187969924
1 0.532 0.5466165413533834 0.056 0.09774436090225563
1 0.4405 0.6578947368421053 0.145 0.22706766917293233
1 0.2675 0.7796992481203008 0.081 0.10075187969924812
