1 0.6845 0.6361904761904762 0.163 0.3619047619047619
1 0.9425 0.6895238095238095 0.091 0.17904761904761904
1 0.679 0.8580952380952381 0.09 0.12
1 0.564 0.78 0.098 0.12
1 0.6095 0.7314285714285714 0.069 0.12571428571428572
1 0.6145 0.6457142857142857 0.073 0.1180952380952381
1 0.5695 0.5228571428571429 0.087 0.15047619047619049
1 0.6365 0.4638095238095238 0.089 0.08952380952380952
1 0.5135 0.5514285714285714 0.073 0.10857142857142857
1 0.505 0.6371428571428571 0.09 0.08952380952380952
1 0.439 0.5828571428571429 0.066 0.1295238095238095
1 0.529 0.9028571428571428 0.096 0.11428571428571428
1 0.4245 0.8542857142857143 0.091 0.10476190476190476
1 0.425 0.9304761904761905 0.114 0.12
