1 0.2115 0.44894894894894893 0.217 0.22522522522522523
1 0.3715 0.4954954954954955 0.103 0.09009009009009009
1 0.38 0.5623123123123123 0.102 0.07357357357357357
1 0.257 0.5900900900900901 0.112 0.0990990990990991
1 0.067 0.5548048048048048 0.106 0.11561561561561562
1 0.571 0.5525525525525525 0.102 0.07807807807807808
1 0.564 0.4864864864864865 0.098 0.09309309309309309
1 0.674 0.496996996996997 0.082 0.09309309309309309
1 0.717 0.46396396396396394 0.076 0.08108108108108109
1 0.6295 0.4624624624624625 0.085 0.08408408408408409
1 0.8515 0.4527027027027027 0.077 0.08858858858858859
1 0.7865 0.44069069069069067 0.071 0.08858858858858859
1 0.778 0.3551051051051051 0.378 0.1966966966966967
1 0.788 0.6351351351351351 0.36 0.18018018018018017
