2 0.5495495495495496 0.126 0.24624624624624625 0.168
2 0.33933933933933935 0.084 0.1891891891891892 0.164
2 0.5938438438438438 0.353 0.2147147147147147 0.136
2 0.43318318318318316 0.402 0.12462462462462462 0.176
2 0.6328828828828829 0.5305 0.23573573573573572 0.115
2 0.7537537537537538 0.6945 0.23423423423423423 0.113
2 0.7905405405405406 0.805 0.2627627627627628 0.088
2 0.6441441441441441 0.848 0.24924924924924924 0.162
2 0.5548048048048048 0.89 0.25075075075075076 0.162
2 0.09009009009009009 0.3615 0.17117117117117117 0.161
