1 0.65 0.3026315789473684 0.074 0.18796992481203006
1 0.798 0.20206766917293234 0.084 0.15225563909774437
1 0.9065 0.23590225563909775 0.139 0.18233082706766918
1 0.848 0.4257518796992481 0.13 0.12969924812030076
1 0.7265 0.32142857142857145 0.081 0.10526315789473684
1 0.5095 0.4708646616541353 0.103 0.12593984962406016
1 0.561 0.5291353383458647 0.086 0.12218045112781954
1 0.504 0.6362781954887218 0.124 0.12218045112781954
1 0.409 0.581766917293233 0.08 0.11842105263157894
1 0.388 0.5159774436090225 0.092 0.16353383458646617
1 0.62 0.43045112781954886 0.076 0.07142857142857142
1 0.6385 0.5075187969924813 0.075 0.09022556390977443
1 0.7275 0.48026315789473684 0.085 0.10338345864661654
1 0.699 0.39379699248120303 0.086 0.08834586466165413
1 0.366 0.7387218045112782 0.11 0.09022556390977443
1 0.3325 0.8204887218045113 0.101 0.08082706766917293
1 0.3275 0.6353383458646616 0.083 0.13157894736842105
1 0.26 0.700187969924812 0.074 0.11090225563909774
1 0.2375 0.8308270676691729 0.093 0.12781954887218044
1 0.17 0.7941729323308271 0.088 0.15977443609022557
1 0.074 0.8881578947368421 0.122 0.18609022556390978
