1 0.651 0.3662714097496706 0.216 0.1976284584980237
1 0.8545 0.549407114624506 0.177 0.2608695652173913
1 0.403 0.4189723320158103 0.118 0.14756258234519104
1 0.5005 0.502635046113307 0.093 0.20685111989459815
1 0.4515 0.2615283267457181 0.117 0.15151515151515152
1 0.354 0.7094861660079052 0.222 0.15151515151515152
1 0.1445 0.6870882740447958 0.173 0.15678524374176547
1 0.562 0.7351778656126482 0.116 0.23978919631093545
1 0.678 0.7700922266139657 0.14 0.2147562582345191
1 0.6865 0.5691699604743083 0.117 0.17654808959156784
1 0.606 0.5737812911725956 0.138 0.13306982872200263
