1 0.902 0.11079136690647481 0.166 0.16402877697841728
1 0.792 0.18920863309352517 0.12 0.13093525179856116
1 0.694 0.22949640287769785 0.166 0.1223021582733813
1 0.4775 0.27841726618705037 0.133 0.1223021582733813
1 0.4155 0.4654676258992806 0.205 0.14820143884892087
1 0.3125 0.5510791366906475 0.147 0.13525179856115108
1 0.2365 0.6302158273381295 0.127 0.13525179856115108
1 0.103 0.7446043165467626 0.122 0.1079136690647482
1 0.248 0.8115107913669065 0.142 0.14676258992805755
1 0.3875 0.7741007194244605 0.155 0.1410071942446043
1 0.509 0.720863309352518 0.17 0.2273381294964029
1 0.4305 0.5920863309352518 0.121 0.09928057553956834
1 0.863 0.35251798561151076 0.176 0.19280575539568345
1 0.7575 0.4589928057553957 0.127 0.13525179856115108
1 0.6445 0.5258992805755396 0.145 0.1884892086330935
1 0.5735 0.41007194244604317 0.125 0.1841726618705036
1 0.671 0.35683453237410073 0.108 0.16402877697841728
1 0.951 0.22158273381294963 0.098 0.14964028776978416
