1 0.6735 0.40775988286969256 0.147 0.17715959004392387
1 0.5725 0.40922401171303074 0.093 0.10395314787701318
1 0.564 0.27159590043923865 0.134 0.20351390922401172
1 0.47 0.34992679355783307 0.112 0.16691068814055637
1 0.402 0.3711566617862372 0.098 0.11273792093704246
1 0.861 0.726207906295754 0.176 0.21376281112737922
1 0.692 0.7115666178623719 0.158 0.18448023426061494
1 0.395 0.6530014641288433 0.15 0.16691068814055637
1 0.277 0.5966325036603221 0.118 0.11566617862371889
1 0.18 0.4560761346998536 0.18 0.1595900439238653
1 0.162 0.7086383601756955 0.106 0.13177159590043924
1 0.197 0.6200585651537335 0.074 0.15373352855051245
1 0.9415 0.5387994143484627 0.117 0.15519765739385066
