1 0.6975 0.4361948955916473 0.441 0.31786542923433875
1 0.221 0.5348027842227379 0.218 0.16705336426914152
1 0.2705 0.6595127610208816 0.201 0.13805104408352667
1 0.5075 0.6339907192575406 0.193 0.12877030162412992
1 0.7585 0.6479118329466357 0.167 0.12180974477958237
1 0.6225 0.7412993039443155 0.243 0.15777262180974477
1 0.927 0.660092807424594 0.146 0.12296983758700696
1 0.7975 0.802784222737819 0.273 0.20185614849187936
1 0.8745 0.9216937354988399 0.245 0.14501160092807425
1 0.5205 0.9176334106728539 0.367 0.16473317865429235
1 0.476 0.7836426914153132 0.14 0.14501160092807425
1 0.389 0.7523201856148491 0.184 0.13805104408352667
1 0.2305 0.8248259860788864 0.295 0.3271461716937355
1 0.0745 0.6455916473317865 0.145 0.17053364269141533
1 0.0625 0.7807424593967517 0.123 0.13225058004640372
