2 0.235 0.3696969696969697 0.21 0.23333333333333334
2 0.3065 0.6515151515151515 0.151 0.296969696969697
2 0.1515 0.656060606060606 0.147 0.31212121212121213
2 0.428 0.5151515151515151 0.16 0.2636363636363636
2 0.518 0.6386363636363637 0.174 0.18636363636363637
2 0.597 0.4659090909090909 0.168 0.24393939393939393
2 0.713 0.4681818181818182 0.108 0.24545454545454545
2 0.845 0.5371212121212121 0.128 0.3015151515151515
2 0.708 0.6636363636363637 0.204 0.18787878787878787
2 0.69 0.818939393939394 0.228 0.17424242424242425
