0 0.3565 0.66 0.231 0.21866666666666668
0 0.1465 0.6953333333333334 0.221 0.27066666666666667
0 0.886 0.08333333333333333 0.05 0.08933333333333333
0 0.7455 0.07066666666666667 0.055 0.09066666666666667
0 0.7875 0.11266666666666666 0.053 0.08933333333333333
0 0.812 0.20066666666666666 0.054 0.06
0 0.704 0.20933333333333334 0.044 0.08266666666666667
0 0.745 0.23266666666666666 0.06 0.06
0 0.794 0.2693333333333333 0.046 0.07733333333333334
0 0.6495 0.28733333333333333 0.067 0.07333333333333333
0 0.7545 0.3566666666666667 0.071 0.05466666666666667
0 0.7625 0.398 0.055 0.068
