1 0.2805 0.38738738738738737 0.209 0.2042042042042042
1 0.479 0.39864864864864863 0.156 0.17867867867867868
1 0.6235 0.36486486486486486 0.097 0.13513513513513514
1 0.855 0.3708708708708709 0.222 0.21921921921921922
1 0.841 0.6133633633633634 0.19 0.23273273273273273
1 0.782 0.740990990990991 0.162 0.17267267267267267
1 0.6025 0.5968468468468469 0.201 0.2087087087087087
1 0.3875 0.6373873873873874 0.205 0.24174174174174173
1 0.2255 0.5848348348348348 0.145 0.15765765765765766
1 0.101 0.6599099099099099 0.15 0.16066066066066065
1 0.1865 0.7882882882882883 0.137 0.14714714714714713
1 0.285 0.7732732732732732 0.088 0.12012012012012012
1 0.8235 0.9211711711711712 0.199 0.15765765765765766
