1 0.514 0.5566625155666252 0.218 0.41344956413449563
1 0.3995 0.2714819427148194 0.189 0.286425902864259
1 0.299 0.4414694894146949 0.12 0.20298879202988793
1 0.589 0.1307596513075965 0.154 0.199252801992528
1 0.728 0.24408468244084683 0.132 0.149439601494396
1 0.8335 0.23661270236612703 0.125 0.18929016189290163
1 0.8865 0.11145703611457036 0.157 0.14570361145703611
1 0.793 0.5105853051058531 0.154 0.1444582814445828
1 0.691 0.5628891656288917 0.146 0.149439601494396
1 0.685 0.6998754669987547 0.16 0.2191780821917808
1 0.625 0.43462017434620176 0.13 0.1569115815691158
1 0.4635 0.823785803237858 0.161 0.1855541718555417
1 0.2815 0.7254047322540473 0.191 0.21793275217932753
1 0.2135 0.9302615193026152 0.179 0.13947696139476962
