1 0.825 0.6471471471471472 0.12 0.2072072072072072
1 0.9325 0.7897897897897898 0.099 0.12312312312312312
1 0.722 0.5472972972972973 0.134 0.12162162162162163
1 0.661 0.5105105105105106 0.102 0.10510510510510511
1 0.508 0.4827327327327327 0.104 0.1066066066066066
1 0.421 0.4692192192192192 0.1 0.12162162162162163
1 0.201 0.4294294294294294 0.13 0.11411411411411411
1 0.5895 0.36486486486486486 0.151 0.15615615615615616
1 0.7035 0.39564564564564564 0.117 0.14564564564564564
1 0.7035 0.6043543543543544 0.111 0.07957957957957958
