1 0.5185 0.17466266866566715 0.207 0.3313343328335832
1 0.586 0.39355322338830584 0.178 0.16941529235382308
1 0.4945 0.4587706146926537 0.115 0.19490254872563717
1 0.4905 0.6071964017991005 0.153 0.22188905547226387
1 0.688 0.7083958020989505 0.27 0.2983508245877061
1 0.7795 0.9055472263868066 0.343 0.1889055472263868
1 0.56 0.828335832083958 0.11 0.2893553223388306
1 0.3345 0.7286356821589205 0.125 0.24887556221889057
1 0.2245 0.8320839580209896 0.205 0.335832083958021
1 0.735 0.24887556221889057 0.184 0.4047976011994003
