1 0.8985 0.3055555555555556 0.163 0.16066066066066065
1 0.7715 0.1906906906906907 0.101 0.14114114114114115
1 0.7435 0.3003003003003003 0.159 0.17417417417417416
1 0.8265 0.4512012012012012 0.155 0.16966966966966968
1 0.9275 0.7852852852852853 0.145 0.17717717717717718
1 0.5935 0.33708708708708707 0.167 0.15465465465465467
1 0.4375 0.27102102102102105 0.179 0.17267267267267267
1 0.636 0.506006006006006 0.176 0.17417417417417416
1 0.517 0.4271771771771772 0.096 0.17267267267267267
1 0.412 0.5330330330330331 0.158 0.2822822822822823
1 0.3115 0.38813813813813813 0.187 0.22672672672672672
1 0.2195 0.49024024024024027 0.131 0.15765765765765766
1 0.2125 0.6306306306306306 0.191 0.14714714714714713
1 0.401 0.7912912912912913 0.2 0.17417417417417416
1 0.5355 0.9046546546546547 0.111 0.18768768768768768
1 0.6345 0.8708708708708709 0.117 0.2222222222222222
1 0.927 0.7852852852852853 0.146 0.18018018018018017
