2 0.2365 0.40048543689320387 0.229 0.25080906148867316
2 0.154 0.691747572815534 0.168 0.33818770226537215
2 0.3145 0.6990291262135923 0.157 0.3106796116504854
2 0.4385 0.5461165048543689 0.167 0.2669902912621359
2 0.513 0.6852750809061489 0.188 0.2022653721682848
2 0.5935 0.49271844660194175 0.163 0.26375404530744334
2 0.7095 0.49271844660194175 0.135 0.2896440129449838
2 0.841 0.5574433656957929 0.132 0.3122977346278317
2 0.7115 0.6998381877022654 0.207 0.21197411003236247
2 0.7015 0.86084142394822 0.215 0.20064724919093851
