1 0.709 0.25133689839572193 0.2 0.2540106951871658
1 0.547 0.26537433155080214 0.184 0.2446524064171123
1 0.6105 0.44585561497326204 0.229 0.196524064171123
1 0.4385 0.56951871657754 0.213 0.23796791443850268
1 0.2825 0.6377005347593583 0.231 0.2192513368983957
1 0.2005 0.8161764705882353 0.217 0.1483957219251337
1 0.1565 0.9431818181818182 0.209 0.09224598930481283
1 0.8725 0.8549465240641712 0.193 0.26336898395721925
1 0.8635 0.5701871657754011 0.143 0.21524064171122995
1 0.7965 0.12767379679144386 0.199 0.15641711229946523
